0 0.21251361882988906 0.833907888269094 0.08855769780928666 0.14424087939029917
0 0.29304455331134055 0.7828226321207739 0.08404003087881237 0.04266928903121965
0 0.13660274122451138 0.07734427088084712 0.15133048244902275 0.15397949375348405
0 0.2785976761016743 0.1789345628389331 0.24061560596427228 0.32322037314378343
0 0.6226599131695506 0.1379747821955286 0.33906982633910127 0.27067715612487897
0 0.8489917102791921 0.5071980017485159 0.06348348997087001 0.0878545240041051
0 0.5218238050272002 0.45764641188041555 0.10805184389007838 0.11623405405833438
0 0.6666495378719344 0.7639060231203423 0.27652436223247856 0.2687510417616942
0 0.6586635416328581 0.7310526165044842 0.0682906619159093 0.14568520472226432
0 0.7129120870931468 0.9557379573545429 0.11361988229073816 0.0885240852909142
0 0.40557198238251574 0.6233481590517452 0.11966660847155489 0.30064541549465285