0 0.7984718709378672 0.534471868664793 0.11153751785690744 0.035020415494652825
0 0.5776095405784883 0.8623524707313376 0.2789704797074606 0.050055583916172
0 0.29324285429877583 0.4616222594679698 0.13814665665497755 0.1273533612399266
0 0.3312517743497293 0.13246147941374048 0.22163308684890543 0.2559510599120669
0 0.5586694366867496 0.2248979225267357 0.12104888555165907 0.04288745764913058
0 0.7368920738632619 0.052737617977422005 0.13315914772652385 0.10547523595484401
0 0.6603880750810779 0.011417726388678367 0.03952615016215581 0.022835452777356734
0 0.7023182508107789 0.12874001913233127 0.29782957386326175 0.056414668225127376
0 0.9304956180984935 0.3094622574248663 0.12258411201270861 0.04133404800821019
0 0.5892856059203335 0.7255519074996211 0.08812729139585791 0.03644656010845857
0 0.22135954057848836 0.8644250726014905 0.1629636501621558 0.027507897344280254
0 0.07799709861343765 0.9769892259958949 0.04766593262955985 0.04558521077238851
0 0.13006142126547413 0.11019209055547134 0.229208033278183 0.15288060206654458
0 0.02349382142762992 0.13737728015242517 0.0427329707790068 0.031495439695149674