0 0.7725780651721275 0.49046793610754047 0.11527217292769336 0.031014737348817434
0 0.5249151338786581 0.16165040340545123 0.2918346729276934 0.03306922803945271
0 0.24517862395564527 0.6007925300365893 0.13940469269935693 0.12500109468490822
0 0.30372997570535015 0.9072275203492947 0.21857753954332698 0.18554495930141074
0 0.5367281595074586 0.8308549367440874 0.12640067391627668 0.03582950668363551
0 0.7331508788613801 0.9736493220480433 0.13217051285158127 0.05270135590391334
0 0.691661057226281 0.9225440920989498 0.31240184091247086 0.03955558537554325
0 0.9134100177201351 0.7172133441279032 0.10914950692008211 0.03406701201463562
0 0.5441214372249684 0.30412880474217835 0.09183467292769336 0.030742017345635732
0 0.15039529494335338 0.18386756468808993 0.17251166996194392 0.01762494668999892
0 0.011038317680766404 0.07438238200190901 0.01584517589344296 0.04391363200190899
0 0.10456752935457787 0.9530897320178173 0.20913505870915575 0.0917351560311804
0 0.00027198365119657415 0.9588210166693181 0.0005439673023931483 0.027017033338636053