0 0.23203125 0.54453125 0.15546875 0.640625
0 0.58203125 0.20703125 0.0578125 0.4140625
0 0.4296875 0.31484375 0.1265625 0.20546875
0 0.4390625 0.4296875 0.0546875 0.25
0 0.8359375 0.5890625 0.0484375 0.12578125
0 0.85625 0.846875 0.16328125 0.0796875
0 0.0765625 0.29296875 0.08984375 0.03984375
0 0.175 0.7203125 0.11328125 0.278125
0 0.23828125 0.859375 0.05078125 0.02890625
0 0.6921875 0.55390625 0.02734375 0.328125
0 0.65859375 0.4953125 0.06328125 0.25546875
0 0.32890625 0.65546875 0.053125 0.0484375