0 0.44765625 0.22421875 0.025 0.10546875
0 0.15 0.471875 0.0234375 0.26953125
0 0.5640625 0.70703125 0.11328125 0.1234375
0 0.8796875 0.6359375 0.2328125 0.19296875
0 0.76953125 0.425 0.03046875 0.11484375
0 0.9296875 0.23359375 0.1109375 0.11875
0 0.97890625 0.303125 0.04140625 0.03515625
0 0.85 0.2765625 0.02890625 0.28828125
0 0.65390625 0.065625 0.02890625 0.13125
0 0.28125 0.44609375 0.0265625 0.08359375
0 0.18046875 0.8171875 0.0125 0.15859375
0 0.0828125 0.97265625 0.040625 0.0546875
0 0.9203125 0.8296875 0.1296875 0.2109375
0 0.903125 0.9578125 0.0234375 0.084375