0 0.5336415350575217 0.23522426340704206 0.653241699619439 0.16377707208781417
0 0.1949650249245441 0.5859936860279987 0.3899300498490882 0.06417487205599741
0 0.29349274304273676 0.4317430853755435 0.21303319368794008 0.13054311736154406
0 0.4095169910655704 0.44247259472467915 0.25541701186299814 0.05919537603436211
0 0.5540920730436117 0.84590777207986 0.13016234387822045 0.051490869350726595
0 0.8142019020930847 0.8692565547819493 0.0879987015966055 0.1665704293443632
0 0.286133818175058 0.07523854670590728 0.04431768577927473 0.09109771467218156
0 0.714122213916714 0.17948443543122278 0.2858976907221905 0.11733514003818005
0 0.852136867072744 0.24518325545031283 0.03022601087441501 0.05188976400381797
0 0.5240756036896902 0.7001771014083147 0.332396005931499 0.03197944271163422
0 0.46685069410786956 0.6659015514003606 0.26042284684397005 0.06706242003499838
0 0.6421623477953722 0.3341895694223141 0.05060217787060921 0.053688621339908774