0 0.5018201597378312 0.7624015869527311 0.6763137620741938 0.24137958955066346
0 0.7977951312349527 0.36094979308191044 0.4044097375300947 0.10895443464399497
0 0.7180659707040332 0.5304201673467415 0.22610316191590946 0.15694047602842467
0 0.5984892565974105 0.5351220347141674 0.26307431301126594 0.08711265490666857
0 0.39475387351524954 0.1483191547951269 0.1345401360516619 0.06633540818602893
0 0.12749817735531555 0.1599781083223145 0.09723401583511762 0.17826884215265534
0 0.7754659113871838 0.8896823026928488 0.04964831050398359 0.09776911465389233
0 0.3265450265891633 0.842789529059958 0.29931334138279586 0.15297667231952303
0 0.1772748008040581 0.7950591152197195 0.03440374373179385 0.0564071302577247
0 0.445075785431159 0.29121598371879925 0.3405628155185486 0.06933201266315621
0 0.5084623355103013 0.31840924751360916 0.2696425617576249 0.0983777035271876
0 0.3780440274470931 0.6765603414752868 0.05480717194503928 0.06059666327441153