0 0.22972188745222183 0.8821689569804867 0.07343859468490824 0.13646634890464354
0 0.302532131444904 0.8303995199917527 0.07696248933799979 0.03660274122451135
0 0.10719597668681727 0.151506327197031 0.1537260786919079 0.19034751834240007
0 0.25923173870145294 0.2637061134861197 0.20498059070654362 0.29961486975432583
0 0.5814965426877718 0.17233593355701468 0.3129930853755436 0.3199393931112909
0 0.8092157467377239 0.5468060508040582 0.05405224801081765 0.08123327962517131
0 0.5003492767345423 0.5143893897460786 0.09338746801399936 0.10580738229073816
0 0.6512418041056315 0.796810747821922 0.2434249253659985 0.24762647241989288
0 0.6422844274347226 0.7653106952354971 0.051581776018453596 0.13739235141192588
0 0.706448566796585 0.9664650521242063 0.09474997334499946 0.06706989575158744
0 0.39914240742358675 0.6762325087089816 0.08922832137172546 0.28531302586424745